0 859 808 796 795 794 793 792 791 790 789 788 787 636 623 616 615 614 611 610 609 529 528 503 171 92 
4 881 
5 975 872 871 
6 92 
00 796 795 794 793 792 791 790 789 788 787 623 228 
10 185 
a 990 940 879 797 765 646 639 618 614 612 611 609 529 275 273 236 229 213 184 173 172 166 165 163 151 111 109 104 82 78 68 47 26 20 19 15 14 8 6 5 3 0 
b 923 
12 994 854 
30 615 
c 382 
d 859 
13 810 
14 809 
50 151 
32 78 
15 616 
42 383 
g 624 
16 614 
35 92 
i 416 228 
k 994 638 
p 854 
r 923 
s 990 967 955 946 872 871 810 809 808 803 797 637 636 635 632 624 623 611 610 595 584 529 493 492 489 488 487 486 485 484 483 477 476 474 473 472 471 470 469 466 457 456 454 453 452 451 450 449 448 438 437 435 275 228 221 173 163 22 14 9 0 
t 656 624 326 325 324 323 322 307 292 171 
u 810 809 803 636 632 624 173 
z 529 68 
100 791 790 789 788 240 
200 796 795 794 793 792 185 151 
300 244 239 
301 996 966 965 959 953 948 912 911 903 893 891 889 881 878 874 865 857 800 784 781 770 764 758 754 752 696 672 671 670 669 667 666 665 663 661 659 645 644 642 631 596 564 563 546 537 533 531 527 510 509 507 505 495 389 267 266 264 261 250 237 234 223 222 215 214 212 209 206 205 199 196 195 194 192 190 186 180 178 177 170 168 167 162 161 127 126 123 122 121 115 114 112 110 108 103 102 101 100 99 98 89 88 87 86 83 75 72 69 66 64 62 61 55 54 53 52 50 49 43 39 38 37 36 35 34 32 30 27 12 
500 787 
302 935 858 853 759 660 421 388 383 265 259 258 255 243 241 187 152 80 71 
150 871 
404 985 984 885 668 622 270 263 262 233 
4g 624 
2020 616 
2012 810 
2013 871 810 809 
2014 851 809 797 796 795 794 793 792 791 790 789 788 787 616 173 
be 940 875 584 426 184 172 81 
2015 967 614 528 
de 633 625 
2017 172 
ib 78 
hd 859 
an 617 613 528 175 172 166 163 143 104 78 68 
ap 78 
fl 967 
do 940 
fm 637 
pc 964 636 
hk 232 
ne 228 
1928 629 
as 618 617 613 611 610 213 185 184 183 143 82 81 76 23 1 
at 994 855 850 849 756 720 658 657 656 655 654 653 652 651 639 624 607 606 605 604 603 374 372 368 367 366 365 364 362 361 360 359 358 357 356 355 354 353 352 351 350 349 347 346 345 344 343 342 341 340 339 338 337 336 335 334 333 332 331 330 329 328 327 326 325 324 323 322 321 320 319 318 317 316 315 314 313 312 311 310 309 308 307 306 305 304 303 302 301 300 299 298 297 296 295 294 293 292 291 290 289 288 287 286 285 284 283 282 281 280 279 278 277 189 188 78 70 68 67 28 21 18 16 15 7 
of 998 997 995 994 990 958 945 942 928 888 887 882 875 873 859 852 810 809 803 801 797 796 795 794 793 792 791 790 789 788 787 785 768 765 755 749 748 747 746 745 744 743 741 740 739 738 734 733 729 728 727 726 725 723 722 721 720 719 717 716 714 713 710 709 708 707 706 705 704 703 702 701 700 699 698 697 646 634 623 621 618 616 612 611 609 608 597 595 594 593 592 591 590 589 588 587 586 585 584 581 580 579 578 577 576 575 574 573 572 571 570 569 568 567 566 565 562 561 560 549 548 547 544 543 540 538 536 535 534 530 526 525 524 522 521 520 519 518 516 515 514 513 512 506 504 498 496 494 493 491 489 488 486 485 483 482 480 478 477 475 474 473 471 470 468 466 465 463 461 460 458 457 454 453 451 450 448 447 445 443 442 439 438 436 435 434 432 430 323 273 252 240 229 221 219 213 204 175 173 171 166 164 163 159 158 157 156 155 154 151 150 149 148 147 145 144 143 135 132 111 107 105 104 85 84 82 81 78 73 70 68 65 57 47 22 20 10 3 
ds 636 
in 994 990 967 875 871 859 850 809 808 803 801 796 795 794 793 792 791 790 789 788 769 649 638 635 617 615 613 275 240 229 228 221 213 184 176 173 172 171 163 120 111 104 82 26 20 19 18 14 8 5 3 0 
ft 802 
iq 638 
by 810 809 787 765 695 656 655 654 653 652 651 643 638 637 618 607 606 605 604 603 584 236 204 173 159 158 157 156 155 154 70 
th 171 
we 756 584 143 26 5 
is 998 997 871 797 647 641 636 635 633 632 625 617 615 584 528 236 228 188 173 171 166 163 159 158 157 156 155 154 151 143 111 104 68 47 20 19 15 8 3 
ex 171 
it 940 649 646 616 615 236 25 
on 888 887 810 809 803 797 780 765 738 729 656 655 654 653 652 651 650 646 641 624 621 617 608 607 606 605 604 603 602 598 597 595 594 593 592 591 590 589 588 587 586 585 581 580 579 578 577 576 575 574 573 572 571 570 569 568 567 566 565 562 561 560 549 548 547 544 543 540 538 536 535 534 530 526 525 524 522 521 520 519 518 516 515 514 513 512 506 504 503 498 496 494 493 491 489 488 486 485 483 482 480 478 477 475 474 473 471 470 468 466 465 463 461 460 458 457 454 453 451 450 448 447 445 443 442 439 438 436 435 434 432 430 374 372 369 368 367 366 365 364 362 361 360 359 358 357 356 355 354 353 352 351 350 349 347 346 345 344 343 342 341 340 339 338 337 336 335 334 333 332 331 330 329 328 327 326 325 324 323 322 321 320 319 318 317 316 315 314 313 312 311 310 309 308 307 306 305 304 303 302 301 300 299 298 297 296 295 294 293 292 291 290 289 288 287 286 285 284 283 282 281 280 279 278 277 273 252 229 219 200 183 179 171 165 151 85 82 76 74 57 33 6 
iu 228 
or 990 702 655 607 339 337 327 323 184 171 82 47 
so 20 3 
ps 636 
qr 240 
to 990 975 960 940 932 931 919 875 859 797 769 756 647 646 638 637 635 634 623 615 614 584 528 240 236 221 213 184 179 176 175 173 172 171 166 159 158 157 156 155 154 151 143 111 109 104 78 74 47 28 26 24 19 16 8 7 5 2 
pu 228 
nw 228 
up 21 
my 501 499 497 
us 975 950 949 850 849 848 847 372 60 
tv 647 639 629 624 
bad 373 370 
ade 275 14 0 
bed 312 296 279 
feb 871 
aid 875 873 765 228 183 76 25 24 2 
fee 876 
mba 849 802 799 798 
nba 633 625 
jeb 171 
mac 120 
big 621 612 
can 873 529 21 
and 997 994 938 937 933 932 877 876 875 869 868 864 859 849 805 803 802 801 797 791 790 789 788 785 774 771 769 756 746 664 650 649 647 641 639 638 637 636 635 634 633 632 629 625 624 623 615 611 610 609 602 598 528 400 369 364 362 361 357 354 353 352 350 345 339 338 337 327 323 321 320 319 318 313 312 309 308 306 305 304 302 300 298 297 296 293 291 290 289 287 286 283 281 280 279 275 268 240 232 229 228 213 204 200 185 184 183 179 176 173 172 171 166 165 164 159 158 157 156 155 154 131 111 105 104 82 81 77 76 74 70 58 47 33 28 26 25 24 23 22 21 20 19 18 16 15 14 9 8 7 6 5 3 2 1 0 
cap 655 607 327 
ben 609 
bar 236 
fan 21 
coe 104 
cbs 633 632 630 629 628 627 626 625 
gpa 184 
nai 173 
are 875 872 861 803 797 638 584 184 183 166 111 76 
all 656 655 654 653 652 651 650 641 638 623 611 610 609 607 606 605 604 603 602 598 584 369 345 339 327 104 68 33 9 
inc 905 
bio 219 
rec 21 
mlb 633 625 
fat 166 
off 403 179 74 
job 997 269 165 133 129 128 6 
has 650 618 614 613 612 609 602 598 369 185 163 77 33 
hep 970 
hat 655 607 327 
see 850 849 26 20 19 8 5 3 
gre 638 
ati 623 
ita 611 610 
day 650 602 598 545 
map 382 
web 998 997 985 984 904 888 887 852 786 668 646 643 621 608 597 595 594 593 592 591 590 589 588 587 586 585 581 580 579 578 577 576 575 574 573 572 571 570 569 568 567 566 565 562 561 560 549 548 547 544 543 540 538 536 535 534 530 526 525 524 522 521 520 519 518 516 515 514 513 512 506 504 498 496 494 493 491 489 488 486 485 483 482 480 478 477 475 474 473 471 470 468 466 465 463 461 460 458 457 454 453 451 450 448 447 445 443 442 439 438 436 435 434 432 430 270 263 262 252 233 219 85 57 
amp 997 799 798 786 632 624 416 405 394 184 56 51 22 
hub 546 
com 888 887 802 647 644 643 639 634 633 627 626 625 621 618 617 616 615 614 613 612 611 610 609 608 597 595 594 593 592 591 590 589 588 587 586 585 584 581 580 579 578 577 576 575 574 573 572 571 570 569 568 567 566 565 562 561 560 549 548 547 544 543 540 538 536 535 534 530 529 528 526 525 524 522 521 520 519 518 516 515 514 513 512 506 504 498 496 494 493 492 491 489 488 487 486 485 484 483 482 481 480 478 477 476 475 474 473 472 471 470 469 468 466 465 464 463 461 460 459 458 457 456 454 453 452 451 450 449 448 447 446 445 443 442 441 439 438 437 436 435 434 433 432 430 252 219 212 85 57 
her 47 
nfl 633 625 
men 611 595 457 456 454 453 452 451 450 449 448 438 437 435 
get 720 650 614 602 598 374 372 369 367 366 345 344 343 339 338 337 334 327 323 320 305 273 33 
esi 904 
hfs 424 423 422 
app 859 81 
the 998 997 994 904 888 887 875 873 871 850 849 810 809 803 802 801 797 780 768 765 657 656 655 654 653 652 651 650 649 646 643 641 639 638 637 636 635 634 632 624 623 621 618 617 616 615 614 613 612 611 610 609 608 607 606 605 604 603 602 598 597 595 594 593 592 591 590 589 588 587 586 585 584 581 580 579 578 577 576 575 574 573 572 571 570 569 568 567 566 565 562 561 560 549 548 547 544 543 540 538 536 535 534 530 529 526 525 524 522 521 520 519 518 516 515 514 513 512 506 504 498 496 494 493 491 489 488 486 485 483 482 480 478 477 475 474 473 471 470 468 466 465 463 461 460 458 457 454 453 451 450 448 447 445 443 442 439 438 436 435 434 432 430 426 374 372 369 368 367 366 365 364 362 361 360 359 358 357 356 355 354 353 352 351 350 349 347 346 345 344 343 342 341 340 339 338 337 336 335 334 333 332 331 330 329 328 327 326 325 324 323 322 321 320 319 318 317 316 315 314 313 312 311 310 309 308 307 306 305 304 303 302 301 300 299 298 297 296 295 294 293 292 291 290 289 288 287 286 285 284 283 282 281 280 279 278 277 273 252 240 229 228 221 219 213 204 184 179 175 173 171 166 159 158 157 156 155 154 151 146 143 111 109 104 85 84 82 78 74 68 57 47 33 28 22 20 16 10 9 7 3 
nhl 633 625 
dye 584 
one 797 643 636 528 229 
ctl 867 
msc 802 
rob 614 
fit 331 
16th 173 
law 774 
his 613 612 584 171 47 
let 639 
lte 625 624 
max 638 
gop 171 
net 873 866 
pre 705 
ten 621 612 
may 616 78 25 
art 204 18 
for 980 971 904 877 875 873 871 859 850 849 797 756 755 749 748 747 746 745 744 743 741 740 739 738 734 733 729 728 727 726 725 723 722 721 720 719 717 716 714 713 710 709 708 707 706 705 704 703 702 701 700 699 698 697 650 649 646 638 636 634 633 632 625 624 602 598 584 369 275 240 236 185 184 183 173 172 171 165 159 158 157 156 155 154 151 148 144 104 81 77 76 65 33 24 23 14 6 2 1 0 
php 904 
org 787 
sat 638 
cup 616 
any 368 365 364 362 361 360 359 358 357 356 355 354 353 352 351 350 349 347 346 342 341 340 336 335 333 332 331 330 329 328 326 325 324 322 321 319 318 317 316 315 314 313 312 311 310 309 308 307 306 304 303 302 301 300 299 298 297 296 295 294 293 292 291 290 289 288 287 286 285 284 283 282 281 280 279 278 277 273 
ipo 173 
usa 802 801 
wii 636 
isn 171 
raw 166 
new 796 795 794 793 792 791 790 789 788 787 641 529 173 143 
was 639 
but 171 78 
non 971 228 47 
tax 929 927 
jsp 904 
use 26 5 
who 872 861 638 634 584 
how 960 875 873 867 850 797 769 639 638 635 176 26 5 
tri 25 
its 240 104 47 
buy 273 21 
way 236 221 
not 985 984 885 875 668 622 616 270 263 262 233 157 130 
ssl 904 
low 803 
yet 797 
top 975 871 850 849 842 841 840 839 838 837 836 835 834 833 832 831 830 829 828 827 826 825 824 823 822 821 820 819 818 817 816 815 814 813 812 803 799 798 796 795 794 793 792 791 790 789 788 787 240 166 
own 584 47 
now 24 2 
our 656 655 654 653 652 651 616 607 606 605 604 603 584 111 28 26 24 22 21 20 19 16 15 8 7 5 3 2 
out 994 614 
why 20 19 8 3 
two 797 213 
you 975 945 940 849 756 641 639 25 21 
4icu 786 
gcaa 609 
back 614 236 
each 639 47 
head 614 
ncaa 650 633 625 614 602 598 228 
adam 171 
band 18 
lead 221 
leaf 164 
brad 613 
diff 144 
been 618 609 
game 639 636 545 
data 850 810 809 236 
care 803 
wbaa 198 
race 171 
read 638 9 
egel 609 
page 985 984 904 850 668 270 263 262 233 218 157 130 
make 859 801 797 584 528 111 26 5 
debt 803 
male 657 
hard 623 
bath 312 296 279 
gear 652 651 650 604 603 602 598 369 365 359 310 294 277 33 21 
land 275 14 0 
load 904 
high 990 624 172 
cell 624 164 
life 803 790 111 24 23 2 1 
mean 25 
find 994 863 850 849 641 624 529 165 25 23 6 1 
free 859 647 638 637 236 
bill 928 
jiao 787 
cram 638 
beth 618 
fees 83 82 24 2 
have 797 
tech 635 
clep 78 
here 797 756 650 602 598 529 21 
real 859 275 26 14 5 0 
mcat 638 
like 797 624 25 
late 629 
same 650 602 598 
club 939 921 583 555 526 254 
rich 204 
eggs 166 
earn 78 
dual 78 
caps 655 607 327 
vice 159 158 157 156 155 154 
flat 656 655 654 653 652 651 650 607 606 605 604 603 602 598 374 372 369 368 367 366 365 364 362 361 360 359 358 357 356 355 354 353 352 351 350 349 347 346 345 344 343 342 341 340 339 338 337 336 335 334 333 332 331 330 329 328 327 326 325 324 323 322 321 320 319 318 317 316 315 314 313 312 311 310 309 308 307 306 305 304 303 302 301 300 299 298 297 296 295 294 293 292 291 290 289 288 287 286 285 284 283 282 281 280 279 278 277 273 33 
team 611 610 21 
line 633 625 
golf 633 625 614 609 584 474 472 451 449 361 313 298 281 213 
fans 650 602 598 529 374 372 369 367 366 344 343 338 334 320 305 273 33 
food 634 400 394 275 56 51 14 0 
gmat 638 
help 756 623 166 
home 859 757 689 638 624 407 350 300 283 227 218 213 119 118 56 
ddos 904 
five 861 
math 638 
cnet 643 635 
cart 277 
gift 975 641 345 273 
give 919 
cast 647 
exam 638 
plan 616 
acts 422 
ford 396 
kids 653 638 605 525 368 367 366 322 321 320 319 318 317 316 315 314 313 312 311 310 
than 151 143 
meet 21 
anti 904 
rank 850 
info 963 742 647 
peer 646 
rate 656 655 654 653 652 651 650 607 606 605 604 603 602 598 374 372 369 368 367 366 365 364 362 361 360 359 358 357 356 355 354 353 352 351 350 349 347 346 345 344 343 342 341 340 339 338 337 336 335 334 333 332 331 330 329 328 327 326 325 324 323 322 321 320 319 318 317 316 315 314 313 312 311 310 309 308 307 306 305 304 303 302 301 300 299 298 297 296 295 294 293 292 291 290 289 288 287 286 285 284 283 282 281 280 279 278 277 273 33 
fund 926 
much 873 797 
lite 904 
goes 995 617 
tank 326 
fast 656 655 654 653 652 651 607 606 605 604 603 273 
pete 584 21 
best 871 859 850 849 848 847 808 803 801 797 643 641 638 229 111 9 
park 143 142 141 140 139 138 19 8 
jobs 228 23 1 
item 639 
also 803 633 625 
time 704 615 
flex 416 331 
ohio 228 
john 939 583 555 252 171 
live 633 625 503 
long 324 
hats 655 607 336 335 334 333 332 331 330 329 328 327 314 299 282 
join 960 171 
wall 164 
tell 975 
viii 879 
crew 647 
chow 634 
days 529 
tees 656 323 
that 875 797 609 368 365 364 362 361 360 359 358 357 356 355 354 353 352 351 350 349 347 346 342 341 340 336 335 333 332 331 330 329 328 326 325 324 322 321 319 318 317 316 315 314 313 312 311 310 309 308 307 306 304 303 302 301 300 299 298 297 296 295 294 293 292 291 290 289 288 287 286 285 284 283 282 281 280 279 278 277 171 166 104 
year 797 616 614 179 74 25 
cwcu 787 
away 529 
bush 171 
open 810 809 188 179 175 172 74 
full 859 647 
were 616 
mens 651 614 612 609 603 362 293 292 291 290 289 288 287 286 285 284 283 282 281 280 279 278 277 
such 82 81 23 1 
more 875 647 636 635 632 361 313 298 281 275 213 171 151 143 24 23 22 14 2 1 0 
apps 859 
mass 778 
lsat 638 
vita 636 
what 940 803 797 617 
last 637 614 
some 221 111 
well 213 185 183 76 
from 810 809 802 646 643 639 273 198 166 78 9 
menu 400 399 398 397 396 
ties 356 
site 998 997 888 887 641 621 618 617 616 615 614 613 612 611 610 609 608 597 595 594 593 592 591 590 589 588 587 586 585 584 581 580 579 578 577 576 575 574 573 572 571 570 569 568 567 566 565 562 561 560 549 548 547 544 543 540 538 536 535 534 530 529 528 526 525 524 522 521 520 519 518 516 515 514 513 512 506 504 498 496 494 493 492 491 489 488 487 486 485 484 483 482 481 480 478 477 476 475 474 473 472 471 470 469 468 466 465 464 463 461 460 459 458 457 456 454 453 452 451 450 449 448 447 446 445 443 442 441 439 438 437 436 435 434 433 432 430 381 252 236 219 159 158 157 156 155 154 85 58 57 
love 634 
play 584 
knit 333 
ipfw 229 228 
prep 638 
part 810 809 618 151 
move 28 16 7 
past 961 
tong 787 
will 584 172 151 81 
this 998 997 810 809 797 617 615 159 158 157 156 155 154 68 15 
auto 633 625 
city 172 
cost 82 
stem 995 994 221 172 19 8 
they 797 
pins 353 
shop 656 655 654 653 652 651 650 624 607 606 605 604 603 602 598 374 372 369 368 367 366 365 364 362 361 360 359 358 357 356 355 354 353 352 351 350 349 347 346 345 344 343 342 341 340 339 338 337 336 335 334 333 332 331 330 329 328 327 326 325 324 323 322 321 320 319 318 317 316 315 314 313 312 311 310 309 308 307 306 305 304 303 302 301 300 299 298 297 296 295 294 293 292 291 290 289 288 287 286 285 284 283 282 281 280 279 278 277 273 33 
arts 275 228 70 14 0 
size 368 365 364 362 361 360 359 358 357 356 355 354 353 352 351 350 349 347 346 342 341 340 336 335 333 332 331 330 329 328 326 325 324 322 321 319 318 317 316 315 314 313 312 311 310 309 308 307 306 304 303 302 301 300 299 298 297 296 295 294 293 292 291 290 289 288 287 286 285 284 283 282 281 280 279 278 277 273 
fort 228 
four 797 
over 623 
jump 171 
wren 171 
list 159 
with 990 910 873 859 803 801 710 649 646 637 623 617 615 613 612 529 166 26 5 
news 994 941 850 849 848 847 649 636 635 634 633 632 625 609 519 503 240 13 9 
trio 611 
host 179 74 
user 970 
sets 877 
arwu 796 795 794 793 792 791 790 789 788 
know 940 797 639 
next 337 
http 904 
uses 639 
tips 634 
test 638 81 
stay 756 
show 647 
xbox 636 
ruby 904 
type 810 797 
only 656 655 654 653 652 651 639 607 606 605 604 603 
vary 81 
work 702 623 
sits 240 
iupu 228 
most 888 887 803 797 621 608 597 595 594 593 592 591 590 589 588 587 586 585 581 580 579 578 577 576 575 574 573 572 571 570 569 568 567 566 565 562 561 560 549 548 547 544 543 540 538 536 535 534 530 526 525 524 522 521 520 519 518 516 515 514 513 512 506 504 498 496 494 493 491 489 488 486 485 483 482 480 478 477 475 474 473 471 470 468 466 465 463 461 460 458 457 454 453 451 450 448 447 445 443 442 439 438 436 435 434 432 430 252 221 219 171 111 85 57 
west 951 876 863 780 779 778 777 776 775 774 773 772 771 769 275 213 185 184 183 179 176 146 82 81 78 77 76 74 70 68 14 0 
july 615 
ways 919 18 
stop 615 
just 615 529 
tops 326 
ross 275 14 0 
lsws 904 
must 78 
tour 695 633 625 179 74 
toys 357 
your 975 904 863 803 650 647 637 633 632 625 602 598 528 369 345 339 337 236 33 
added 797 
cache 904 
dance 18 
black 657 204 
bread 658 
coach 614 
based 803 
media 784 630 
magic 584 
fafsa 875 81 
grade 877 
reach 47 
field 791 790 789 788 461 459 
blend 646 
place 643 
teach 990 638 
named 609 
salad 166 
ideas 641 18 
chair 964 
angel 142 
arena 529 275 14 0 
asked 972 703 
board 962 23 1 
leads 859 
deals 641 624 
final 616 615 
deans 921 
recap 616 
march 650 602 598 
birck 213 
areas 932 931 70 
mdash 954 
above 797 
games 636 357 
range 213 
guide 648 647 528 143 
award 611 610 422 
radio 628 198 
nobel 275 14 0 
along 797 
speed 904 624 
doing 143 
dates 720 184 77 
basis 877 
after 638 614 
audio 503 
chose 416 
chart 381 
among 871 803 797 173 171 47 
learn 990 875 801 769 638 275 176 24 14 2 0 
price 873 641 
daily 634 
share 236 
great 213 
which 639 166 151 47 
pride 271 
staff 623 269 179 159 158 157 156 155 154 111 74 31 
citta 863 
track 460 459 458 
mitch 171 
fairs 165 6 
plate 286 
watch 637 
video 859 636 633 632 625 503 
takes 940 
keeps 649 
drink 634 
index 175 
level 78 
there 616 615 184 183 76 
equal 47 
alert 14 13 
clubs 920 
lsapi 904 
given 797 
login 503 
human 423 232 130 129 105 
while 616 81 
least 78 
major 997 990 275 14 0 
night 629 
phone 624 
drive 618 
anvil 146 
teams 633 625 611 610 21 
rails 904 
clips 647 
films 627 
where 151 82 
moved 996 990 989 988 987 970 966 965 959 957 953 948 919 917 916 915 914 912 911 907 906 903 893 891 889 881 878 874 865 857 800 784 781 770 764 758 754 753 752 743 738 737 736 733 732 731 725 716 713 712 696 695 694 693 692 691 684 683 680 675 672 671 670 669 667 666 665 663 661 659 645 644 642 631 596 564 563 560 550 546 542 537 533 531 527 518 510 509 507 505 495 418 416 407 394 392 391 389 388 387 385 364 349 267 266 264 261 250 237 236 234 227 223 222 215 214 212 209 206 205 204 199 198 196 195 194 192 190 186 183 180 178 177 170 168 167 162 161 138 127 126 123 122 121 115 114 112 110 108 103 102 101 100 99 98 97 96 95 92 91 89 88 87 86 83 80 75 72 69 66 64 62 61 55 54 53 52 50 49 45 43 39 38 37 36 35 34 32 30 27 12 
about 994 975 950 856 797 769 529 371 275 176 60 24 22 14 9 2 0 
trail 872 
homes 859 
score 638 
hills 584 
order 368 365 364 362 361 360 359 358 357 356 355 354 353 352 351 350 349 347 346 345 342 341 340 339 337 336 335 333 332 331 330 329 328 327 326 325 324 323 322 321 319 318 317 316 315 314 313 312 311 310 309 308 307 306 304 303 302 301 300 299 298 297 296 295 294 293 292 291 290 289 288 287 286 285 284 283 282 281 280 279 278 277 273 184 
inner 172 
oddly 171 
found 985 984 936 887 859 854 764 668 661 623 426 422 389 384 270 266 263 262 260 259 258 244 243 233 188 157 153 130 81 72 
cores 155 19 8 
grant 275 14 0 
quick 368 365 364 362 361 360 359 358 357 356 355 354 353 352 351 350 349 347 346 345 342 341 340 337 336 335 333 332 331 330 329 328 327 326 325 324 323 322 321 319 318 317 316 315 314 313 312 311 310 309 308 307 306 304 303 302 301 300 299 298 297 296 295 294 293 292 291 290 289 288 287 286 285 284 283 282 281 280 279 278 277 
gifts 973 971 926 641 369 359 345 33 
value 875 873 871 797 768 765 688 687 686 685 684 681 680 678 676 675 673 664 250 247 217 175 153 143 131 130 129 120 109 84 59 58 46 17 10 9 4 
right 801 
books 638 
plans 613 
under 584 
squad 495 
think 25 
talks 994 
rates 877 
ranks 803 
teens 638 
focus 797 
movie 639 
brett 872 
links 722 
music 639 637 228 
today 188 163 
donor 928 
times 802 
other 740 733 
items 650 602 598 349 345 
shoes 364 362 318 309 289 
event 883 251 
forth 877 
those 797 
touch 649 
venue 584 
socks 364 362 318 309 289 
lives 82 20 3 
stock 925 924 
years 803 
wayne 228 
house 859 179 74 
zdnet 649 
verse 624 
enjoy 656 655 654 653 652 651 607 606 605 604 603 368 365 364 362 361 360 359 358 357 356 355 354 353 352 351 350 349 347 346 345 342 341 340 337 336 335 333 332 331 330 329 328 327 326 325 324 323 322 321 319 318 317 316 315 314 313 312 311 310 309 308 307 306 304 303 302 301 300 299 298 297 296 295 294 293 292 291 290 289 288 287 286 285 284 283 282 281 280 279 278 277 
rural 995 
women 610 493 492 489 488 487 486 485 484 483 477 476 474 473 472 471 470 469 466 
pants 319 304 290 
apply 875 769 188 176 24 15 2 
doors 810 809 
boost 236 
moses 219 
first 704 
guest 503 
still 615 188 
money 171 
round 25 
menus 394 51 23 1 
world 852 796 795 794 793 792 791 790 789 788 787 708 637 636 635 632 584 275 240 173 111 28 19 16 14 8 7 0 
union 690 61 23 1 
photo 749 
polls 633 625 
cross 442 441 439 
wiley 398 
shirt 656 323 
point 171 
error 904 92 
moves 221 175 22 
prize 275 14 0 
rules 877 
would 797 
north 954 230 
every 374 372 367 366 345 344 343 339 338 337 334 327 323 320 305 47 
fully 859 
autos 633 625 
iupui 229 
costs 82 24 2 
espnw 618 
polos 317 303 288 
press 261 
scott 171 
evprp 159 158 157 156 155 154 
store 656 655 654 653 652 651 650 607 606 605 604 603 602 598 374 372 369 367 366 344 343 338 334 320 305 33 
court 399 398 397 396 395 23 1 
known 275 14 0 
stats 637 503 
jumps 173 
visit 179 74 
short 325 
purue 857 
straw 335 
hours 78 
hosts 179 74 
young 555 
shows 630 
worth 47 
types 699 623 
sport 232 
youth 368 254 193 
study 810 809 755 749 748 747 746 745 744 743 741 740 739 738 734 733 729 728 727 726 725 723 722 721 720 719 717 716 714 713 710 709 708 707 706 705 704 703 702 701 700 699 698 697 638 166 70 65 25 
tours 859 
tutor 638 
sorry 903 902 901 900 898 
became 171 
apache 92 
fleece 338 321 306 291 
adding 726 166 
engage 26 5 
manage 623 
demand 503 
abroad 810 809 755 749 748 747 746 745 744 743 741 740 739 738 734 733 729 728 727 726 725 723 722 721 720 719 717 716 714 713 710 709 708 707 706 705 704 703 702 701 700 699 698 697 65 25 
glance 639 
behind 617 
choice 801 797 
become 990 163 104 15 
advice 646 633 625 
degree 994 990 859 806 638 109 78 
office 902 901 900 898 897 883 882 785 768 755 749 748 747 746 745 744 743 741 740 739 738 734 733 729 728 727 726 725 723 722 721 720 719 717 716 714 713 710 709 708 707 706 705 704 703 702 701 700 699 698 697 617 613 501 500 499 497 350 300 283 251 175 163 159 158 157 156 155 154 150 149 148 147 145 144 135 132 84 73 65 26 10 5 
effect 797 
bridge 172 
leader 635 111 19 8 
france 633 625 
global 163 111 19 8 
ladies 652 604 365 364 309 308 307 306 305 304 303 302 301 300 299 298 297 296 295 294 
access 175 159 158 157 156 155 154 47 
career 997 803 613 228 185 165 23 6 1 
gifted 638 
kasich 171 
racing 633 625 
create 859 143 
legacy 975 
ranked 849 173 
engine 643 
search 985 984 715 700 698 668 643 270 263 262 233 
grades 877 81 
health 977 777 632 275 232 218 105 14 0 
making 859 236 
object 989 988 987 986 968 956 918 916 915 914 913 906 905 556 517 508 392 363 348 137 97 96 95 94 91 90 
higher 863 797 779 778 777 776 775 774 773 772 771 769 638 275 221 185 184 183 179 176 163 109 82 81 78 77 76 74 70 68 14 0 
hoodie 337 
speech 169 
salads 166 
reduce 166 
breaks 151 
easier 236 
eighth 171 
absorb 166 
abound 165 6 
dining 416 405 399 398 397 396 395 23 1 
chairs 961 
actual 797 
design 776 
nicole 617 
mackey 529 275 14 0 
social 791 782 236 
credit 228 78 24 15 2 
kampen 213 
magnet 171 
larger 797 
boiler 416 21 
impact 942 
taking 638 
alumna 618 
bucket 329 
frames 286 
action 47 
annual 967 958 749 
friday 615 
golfer 609 
soccer 633 625 478 476 475 
seeker 129 
public 977 863 859 808 779 778 777 776 775 774 773 772 771 769 228 198 185 184 183 179 176 82 81 78 77 76 74 70 68 
infant 366 
fitted 330 
ethics 983 200 
choose 803 
forbes 803 
beyond 797 
guides 641 
scenes 617 
center 980 638 540 213 204 190 
method 166 
brooke 618 
awards 611 610 
family 204 
naples 967 
makers 872 861 
hockey 633 625 
iphone 624 
cannot 426 
ticket 902 901 900 898 897 883 613 501 500 499 497 251 
widget 236 
giving 920 20 3 
broker 924 
listed 871 
highly 638 
charts 637 
offers 638 624 
online 902 901 900 898 897 883 859 806 799 798 641 637 501 500 499 497 251 
brings 204 
gallup 175 
people 797 634 175 151 
estate 859 
insect 775 
prices 642 641 635 
galaxy 624 
enough 171 
walker 171 
better 166 112 
alumni 909 797 650 602 598 369 228 33 20 3 
secure 904 
saving 151 
tomcat 92 
school 990 849 848 847 802 801 799 798 638 616 350 300 283 179 172 109 82 74 25 
living 980 
really 803 
expect 797 
corner 615 
around 615 
season 612 529 
attire 359 
fellow 171 163 
plates 930 93 
common 81 
number 797 78 
during 179 164 74 
campus 951 859 781 769 574 572 525 524 522 520 516 515 513 507 505 403 229 228 183 179 176 165 76 74 23 6 1 
united 623 275 14 0 
videos 647 637 635 
energy 151 117 
varies 82 
series 618 200 
nearly 228 185 
across 623 179 74 
safety 977 746 
master 228 
majors 779 778 777 776 775 774 773 772 771 769 232 185 184 176 70 68 28 16 15 7 
phones 624 
player 633 625 617 612 
marvin 609 
latest 649 632 624 9 
little 797 
waiver 612 
travel 859 632 358 179 82 74 
should 975 
bursar 876 
hotels 859 
listen 637 
nature 164 
ground 151 
scores 638 633 625 503 81 
trends 810 809 649 
intern 702 617 613 
letter 175 
policy 738 729 163 47 
values 808 47 
mester 25 
rights 928 
source 638 636 633 632 625 
tennis 633 625 617 611 610 596 489 487 458 456 
resume 165 6 
always 20 3 
course 717 584 213 184 23 1 
review 871 
portal 854 
topics 765 
jersey 654 606 
plants 165 
browse 9 
follow 236 
within 185 
visual 776 
useful 721 
sizing 379 
states 623 275 14 0 
donors 909 
others 172 171 
events 994 943 649 228 179 74 
purdue 998 997 995 994 990 985 984 983 982 981 980 979 978 977 976 975 973 972 967 964 963 962 961 960 958 957 955 954 951 950 949 947 946 945 944 943 942 941 940 939 938 937 936 934 933 932 931 930 929 928 927 926 925 924 923 922 921 920 919 917 910 909 908 907 902 901 900 898 897 888 887 883 882 879 877 875 873 872 871 869 868 864 863 856 854 782 779 778 777 776 775 774 773 772 771 769 768 765 756 747 738 729 721 719 689 688 687 686 685 684 681 680 678 676 675 673 668 664 658 657 656 655 654 653 652 651 650 618 617 616 615 614 613 612 611 610 609 608 607 606 605 604 603 602 599 598 597 595 594 593 592 591 590 589 588 587 586 585 584 583 582 581 580 579 578 577 576 575 574 573 572 571 570 569 568 567 566 565 562 561 560 555 549 548 547 545 544 543 540 539 538 536 535 534 530 529 528 526 525 524 522 521 520 519 518 516 515 514 513 512 506 504 503 501 500 499 498 497 496 494 493 492 491 489 488 487 486 485 484 483 482 481 480 478 477 476 475 474 473 472 471 470 469 468 466 465 464 463 461 460 459 458 457 456 454 453 452 451 450 449 448 447 446 445 443 442 441 439 438 437 436 435 434 433 432 430 429 416 405 403 401 394 382 374 372 369 368 367 366 365 364 362 361 360 359 358 357 356 355 354 353 352 351 350 349 347 346 345 344 343 342 341 340 339 338 337 336 335 334 333 332 331 330 329 328 327 326 325 324 323 322 321 320 319 318 317 316 315 314 313 312 311 310 309 308 307 306 305 304 303 302 301 300 299 298 297 296 295 294 293 292 291 290 289 288 287 286 285 284 283 282 281 280 279 278 277 275 273 271 270 269 263 262 260 254 252 251 247 240 233 231 230 229 228 221 219 218 217 213 204 200 199 198 193 189 188 185 184 183 180 179 176 175 173 172 166 165 163 160 159 158 157 156 155 154 153 151 149 143 142 141 140 139 138 136 135 134 133 131 130 129 128 118 113 111 107 106 104 93 85 84 82 81 79 78 77 76 75 74 70 68 67 65 60 59 58 57 51 47 46 33 31 28 26 25 24 23 22 21 20 19 18 17 16 15 14 13 10 9 8 7 6 5 4 3 2 1 0 
server 904 
unique 646 641 
person 859 171 47 
zdnets 649 
expert 638 
mutual 926 47 
minors 186 185 28 16 7 
winter 633 625 
womens 618 365 294 
august 172 
summer 633 625 617 418 26 25 
honors 611 610 28 16 7 
taylor 612 
spirit 494 
forums 647 635 
plenty 616 
button 236 
issues 708 649 221 
report 810 809 797 173 93 
photos 647 637 
shirts 656 326 325 324 323 322 307 292 
strive 143 47 
owners 173 
roster 492 487 484 481 476 472 469 464 459 456 452 449 446 441 437 433 
espnws 618 
return 377 
skirts 320 305 
groups 885 252 
iupufw 228 
equity 883 882 
visits 859 769 179 176 74 
srixon 609 
shorts 319 304 290 
stress 166 
system 807 806 805 
visors 336 
sports 656 655 654 653 652 651 633 632 625 607 606 605 604 603 228 21 
survey 810 809 
tutors 638 
balance 904 
medical 612 
america 803 609 
advance 151 109 
federal 927 
leading 810 809 639 636 
finance 613 
african 204 
academy 173 
indiana 997 994 990 863 807 806 805 779 778 777 776 775 774 773 772 771 769 615 275 229 228 185 184 183 179 176 171 151 104 82 81 78 77 76 74 70 68 26 14 5 0 
coaches 615 609 
hepdata 971 
beanies 327 
because 945 416 
gameday 354 352 297 280 
imagine 350 
science 795 791 638 275 236 108 70 14 0 
offered 68 
liberal 275 70 14 0 
college 998 997 995 994 990 888 887 863 859 808 806 803 797 779 778 777 776 775 774 773 772 771 769 638 633 625 621 608 597 595 594 593 592 591 590 589 588 587 586 585 581 580 579 578 577 576 575 574 573 572 571 570 569 568 567 566 565 562 561 560 549 548 547 544 543 540 538 536 535 534 530 526 525 524 522 521 520 519 518 516 515 514 513 512 506 504 498 496 494 493 491 489 488 486 485 483 482 480 478 477 475 474 473 471 470 468 466 465 463 461 460 458 457 454 453 451 450 448 447 445 443 442 439 438 436 435 434 432 430 367 366 344 343 338 334 320 305 275 252 228 219 185 184 183 179 176 107 105 104 85 82 81 78 77 76 74 70 68 57 28 16 14 7 0 
caravan 615 
luggage 302 287 
succeed 172 
teacher 990 638 104 
affairs 28 19 16 8 7 
located 275 229 14 0 
combine 18 
digital 624 
choices 247 240 
offices 741 
tallied 611 
traffic 859 236 
degrees 228 
leaders 946 646 
bedloft 407 
replica 343 
daniels 171 
special 624 
addthis 236 
florida 171 
release 183 76 
classic 629 
weekend 967 
bradley 614 
license 930 286 93 
include 70 
griffin 922 
reflect 616 
jackets 315 284 
granted 947 612 173 
apparel 957 650 602 598 369 33 
careers 165 131 129 6 
details 749 
excited 584 
compare 797 641 
updated 634 
trained 638 623 
athlete 611 610 
earhart 395 
sleeved 325 324 
engines 643 
jacquil 612 
central 955 231 230 
highley 873 
between 797 
ranking 852 803 802 801 796 795 794 793 792 791 790 789 788 787 
cooking 634 
holiday 349 
magento 904 
predict 797 
devoted 634 
recipes 634 
madness 650 602 598 
seating 583 
hoodies 337 
calumet 232 231 
members 47 
funding 733 145 19 8 
drawing 797 
contact 976 963 949 856 755 735 
scholar 611 610 609 
welcome 236 
sharing 236 
council 967 955 
walking 859 
daytime 629 
bundles 624 
account 503 500 498 
theatre 228 
theater 228 18 
toddler 367 
joining 171 
credits 78 
classes 638 228 25 
musical 18 
healthy 980 
develop 151 
prepare 756 28 16 7 
subject 796 795 794 793 792 
boilers 863 779 778 777 776 775 774 773 772 771 769 275 185 184 183 179 176 82 81 78 77 76 74 70 68 14 0 
isolate 797 
critics 639 
service 638 624 275 10 
largest 807 806 805 646 637 228 
factors 797 82 81 
driving 213 
premier 641 
million 151 
centers 937 159 18 
biology 775 
cbsnews 632 
scoring 633 625 
library 638 228 
forward 28 16 7 
compass 850 
powered 637 
fantasy 633 625 
soluble 166 
respect 104 47 
natural 791 790 789 788 
letting 641 
project 151 
company 859 139 
tickets 889 888 499 497 492 481 476 475 469 464 446 437 433 86 21 
stadium 275 14 0 
regents 638 
complex 213 
program 990 978 849 848 847 748 700 698 697 638 227 82 
dignity 47 
faculty 934 268 159 158 157 156 155 154 144 111 31 
dresses 320 305 
provide 756 623 172 159 158 157 156 155 154 
success 803 756 658 657 616 189 188 67 23 1 
reality 861 859 
revenue 807 806 805 
missing 614 
neulion 503 
listing 133 68 
reasons 975 
qualify 873 
private 797 
newborn 366 
content 807 806 805 646 236 
schools 933 863 803 797 779 778 777 776 775 774 773 772 771 769 638 185 184 183 179 176 82 81 78 77 76 74 70 68 
hosting 904 
wallets 346 308 293 
fitness 228 
partner 888 887 859 621 608 597 595 594 593 592 591 590 589 588 587 586 585 581 580 579 578 577 576 575 574 573 572 571 570 569 568 567 566 565 562 561 560 549 548 547 544 543 540 538 536 535 534 530 526 525 524 522 521 520 519 518 516 515 514 513 512 506 504 498 496 494 493 491 489 488 486 485 483 482 480 478 477 475 474 473 471 470 468 466 465 463 461 460 458 457 454 453 451 450 448 447 445 443 442 439 438 436 435 434 432 430 252 219 85 57 
therapy 624 623 
housing 418 404 400 394 228 183 76 56 51 25 15 
attempt 797 
process 717 
premium 583 
masters 228 
patents 173 
tuesday 871 171 
explore 873 165 28 25 24 22 21 19 18 16 8 7 6 2 
matters 803 
contest 752 
players 633 625 
uniform 654 606 342 339 
society 923 922 774 163 
product 649 635 
working 613 
studies 998 185 
running 171 
through 204 143 
jewelry 351 
plugins 237 236 
solving 221 
improve 166 
mission 22 
physics 793 
interns 617 613 
letters 81 
current 907 268 23 1 
sources 797 
courses 867 638 228 213 
variety 765 166 
reviews 786 649 647 639 636 635 
jerseys 654 606 344 343 342 341 340 339 316 301 285 
winners 611 610 
windsor 399 
fosters 47 
profits 972 
foundry 144 114 
virtual 859 695 179 74 
student 877 803 797 756 728 714 658 657 420 404 240 218 189 188 184 175 165 149 82 78 67 28 24 23 16 7 6 2 1 
quality 859 797 
stories 942 634 616 
iupuifw 228 
request 374 371 170 
stewart 923 
network 888 887 657 629 621 608 597 595 594 593 592 591 590 589 588 587 586 585 581 580 579 578 577 576 575 574 573 572 571 570 569 568 567 566 565 562 561 560 549 548 547 544 543 540 538 536 535 534 530 526 525 524 522 521 520 519 518 516 515 514 513 512 506 504 498 496 494 493 491 489 488 486 485 483 482 480 478 477 475 474 473 471 470 468 466 465 463 461 460 458 457 454 453 451 450 448 447 445 443 442 439 438 436 435 434 432 430 252 219 85 57 
monthly 852 
hottest 641 
thrower 613 
portion 273 
mysimon 641 
options 165 150 6 
tuition 982 876 769 176 82 24 2 
summary 221 
reports 877 
buttons 353 
visitor 741 539 
results 701 643 
history 204 22 
tourism 859 
twitter 782 
startup 143 111 
utility 173 
country 443 441 179 74 
systems 164 
support 932 931 917 756 656 655 654 653 652 651 607 606 605 604 603 20 3 
academic 796 795 794 793 792 791 790 789 788 787 756 743 611 610 240 189 163 28 24 16 7 2 
baseball 633 625 435 433 432 339 
advanced 630 78 
deadline 615 183 76 
checking 617 613 
official 998 997 888 887 656 655 654 653 652 651 650 621 618 617 616 615 614 613 612 611 610 609 608 607 606 605 604 603 602 598 597 595 594 593 592 591 590 589 588 587 586 585 584 581 580 579 578 577 576 575 574 573 572 571 570 569 568 567 566 565 562 561 560 549 548 547 544 543 540 538 536 535 534 530 529 528 526 525 524 522 521 520 519 518 516 515 514 513 512 506 504 498 496 494 493 492 491 489 488 487 486 485 484 483 482 481 480 478 477 476 475 474 473 472 471 470 469 468 466 465 464 463 461 460 459 458 457 456 454 453 452 451 450 449 448 447 446 445 443 442 441 439 438 437 436 435 434 433 432 430 374 372 369 368 367 366 365 364 362 361 360 359 358 357 356 355 354 353 352 351 350 349 347 346 345 344 343 342 341 340 339 338 337 336 335 334 333 332 331 330 329 328 327 326 325 324 323 322 321 320 319 318 317 316 315 314 313 312 311 310 309 308 307 306 305 304 303 302 301 300 299 298 297 296 295 294 293 292 291 290 289 288 287 286 285 284 283 282 281 280 279 278 277 273 252 219 85 57 33 
changing 111 19 8 
bachelor 638 228 
american 204 
campaign 171 
ackerman 584 213 
shanghai 787 
exchange 810 809 726 
breaking 658 649 632 
snapback 655 607 334 327 
designed 614 528 172 
teaching 997 994 104 
language 638 
released 871 614 173 
specific 877 82 77 
received 610 
licensed 656 655 654 653 652 651 607 606 605 604 603 
litemage 904 
included 875 
children 638 
heritage 204 
attended 151 
increase 859 
families 797 
matching 971 
tailgate 354 352 297 280 
distance 25 
admitted 172 
magazine 807 806 805 171 
coverage 888 887 621 608 597 595 594 593 592 591 590 589 588 587 586 585 581 580 579 578 577 576 575 574 573 572 571 570 569 568 567 566 565 562 561 560 549 548 547 544 543 540 538 536 535 534 530 526 525 524 522 521 520 519 518 516 515 514 513 512 506 504 498 496 494 493 491 489 488 486 485 483 482 480 478 477 475 474 473 471 470 468 466 465 463 461 460 458 457 454 453 451 450 448 447 445 443 442 439 438 436 435 434 432 430 252 219 85 57 
valuable 20 3 
awarding 877 
economic 797 
schedule 614 
creating 859 584 
catering 417 406 405 
graduate 709 609 228 109 19 8 
sciences 791 790 789 788 777 275 233 232 105 14 0 
research 971 937 785 649 275 221 166 160 159 158 157 156 155 154 151 143 142 141 140 139 138 136 135 134 133 74 26 25 19 14 8 5 0 
approach 797 
decision 183 76 
athletic 888 887 621 618 617 616 615 614 613 612 611 610 609 608 597 595 594 593 592 591 590 589 588 587 586 585 584 581 580 579 578 577 576 575 574 573 572 571 570 569 568 567 566 565 562 561 560 549 548 547 544 543 540 538 536 535 534 530 529 528 526 525 524 522 521 520 519 518 516 515 514 513 512 506 504 498 496 494 493 492 491 489 488 487 486 485 484 483 482 481 480 478 477 476 475 474 473 472 471 470 469 468 466 465 464 463 461 460 459 458 457 456 454 453 452 451 450 449 448 447 446 445 443 442 441 439 438 437 436 435 434 433 432 430 252 219 85 57 
colleges 933 871 859 808 805 803 797 638 185 184 28 16 7 
teachers 638 
wildlife 779 
featured 618 
helpdesk 376 
benefits 273 
offering 229 228 
bringing 111 
learning 797 638 617 228 188 163 25 24 2 
regional 936 
redirect 621 
hardship 612 
football 633 625 569 535 531 528 448 446 445 429 342 339 
creative 584 104 
criteria 877 769 184 176 81 78 77 24 2 
salaries 797 
donating 584 
blankets 312 296 279 
freshman 612 81 
releases 614 9 
original 646 
proceeds 273 
presence 171 
advising 28 16 7 
weekends 638 
bookmark 236 
pipeline 172 
licenses 150 
memorial 689 60 
national 851 850 632 173 19 8 
includes 877 
articles 714 
softball 483 481 480 
pleasant 528 
policies 879 877 780 746 745 744 382 
prolific 111 
freshmen 183 77 76 
clothing 650 602 598 369 365 359 310 294 277 33 
rainwear 354 
dominant 171 
reviewed 639 
purchase 374 372 367 366 344 343 338 334 323 320 305 
trichome 164 
meetings 706 
episodes 647 
training 638 213 
literacy 638 
friendly 623 
physical 623 
provided 765 159 158 157 156 155 154 
inherent 47 
rankings 851 850 849 848 847 803 802 799 798 797 787 786 633 625 240 24 2 
adoption 121 
scholars 871 869 865 
examples 859 
european 802 
evenings 638 
features 633 625 529 
document 999 757 742 737 736 735 732 731 730 724 715 712 711 694 693 692 691 690 683 682 679 674 417 412 406 391 390 387 385 384 235 224 201 197 181 125 79 63 29 
discover 229 21 
gamespot 636 
employee 422 
directly 172 
theatres 18 
campuses 936 
pleasure 634 
concerts 637 228 
seminars 994 
upcoming 994 
liaisons 707 
renowned 584 
ceremony 151 
together 204 111 
shipping 656 655 654 653 652 651 650 607 606 605 604 603 602 598 376 374 372 369 368 367 366 365 364 362 361 360 359 358 357 356 355 354 353 352 351 350 349 347 346 345 344 343 342 341 340 339 338 337 336 335 334 333 332 331 330 329 328 327 326 325 324 323 322 321 320 319 318 317 316 315 314 313 312 311 310 309 308 307 306 305 304 303 302 301 300 299 298 297 296 295 294 293 292 291 290 289 288 287 286 285 284 283 282 281 280 279 278 277 273 33 
subjects 638 
politico 171 
openings 270 129 
retirees 32 
analysis 649 
swingman 344 
personal 228 
innovate 143 
profiles 139 
applying 769 176 24 2 
services 970 638 584 400 395 219 165 159 158 157 156 155 154 136 56 52 26 23 6 5 1 
ultimate 904 
measures 797 
register 615 
historic 584 
division 875 873 765 228 
krannert 201 107 
transfer 867 184 183 78 77 76 24 15 2 
comments 649 
trailers 636 
auctions 602 
analyzes 797 
involved 720 
boilertv 401 
lectures 228 
politics 632 171 
overseas 733 
resource 646 426 
shopping 641 276 
veterans 165 6 
returned 714 
internet 624 
injuries 623 
robinson 617 
software 859 635 
swimming 486 484 454 452 
movement 232 
thriving 229 
advisors 726 118 
expenses 82 
programs 932 849 807 755 749 748 747 746 745 744 743 741 740 739 738 734 733 729 728 727 726 725 723 722 721 720 719 717 716 714 713 710 709 708 707 706 705 704 703 702 701 700 699 698 697 255 228 194 179 163 104 74 65 28 24 16 7 2 
consumer 765 
homework 638 
hoselton 613 
multiple 610 244 239 
cultural 204 18 
business 910 849 802 801 799 798 796 649 638 632 26 5 
provides 810 809 26 5 
activity 728 
listings 647 
visiting 539 179 74 
wireless 624 
sweaters 338 
outcomes 797 
computer 795 789 
partners 727 26 5 
prospect 971 
olympics 633 625 
advisory 962 
customer 274 
governor 171 
uniforms 339 
strategy 221 
products 859 641 
thursday 615 
powerful 18 
supplier 26 5 
previews 636 
position 616 
sessions 700 
security 747 739 730 
panotour 696 
keywords 875 873 768 765 688 687 686 685 684 681 680 678 676 675 673 664 247 217 153 131 130 120 109 84 59 58 46 10 9 
courtney 219 
students 908 907 873 872 869 868 864 861 810 809 797 710 650 602 598 369 228 185 183 172 165 111 77 76 33 28 24 23 20 16 7 6 3 2 1 
tutoring 638 189 
solution 904 
expertly 623 
narrowly 614 
downtown 229 
industry 19 8 
visitors 236 159 158 157 156 155 154 
property 173 
tomorrow 946 
youvisit 859 
supports 368 365 364 362 361 360 359 358 357 356 355 354 353 352 351 350 349 347 346 342 341 340 336 335 333 332 331 330 329 328 326 325 324 322 321 319 318 317 316 315 314 313 312 311 310 309 308 307 306 304 303 302 301 300 299 298 297 296 295 294 293 292 291 290 289 288 287 286 285 284 283 282 281 280 279 278 277 
headbands 332 
academics 275 163 23 16 14 1 0 
available 797 638 147 
undecided 185 
financial 875 873 802 765 632 228 183 136 76 25 24 2 
embracing 111 
deadlines 769 183 176 76 
according 173 166 
technical 978 227 
efficient 151 
cleveland 609 
generated 695 
reference 647 
marciniak 618 
ecommerce 807 806 805 
effective 166 
regarding 877 
bachelors 228 
searching 643 
catalogue 637 
urbanbaby 648 
snapbacks 655 607 327 
languages 708 638 
architect 584 
different 183 76 
agreement 971 
galleries 18 
launching 946 
conducted 787 
enjoyable 584 528 
placement 78 
announced 611 610 609 
objective 159 158 157 156 155 154 
undergrad 803 799 798 
associate 638 228 
education 998 997 995 994 990 863 859 847 779 778 777 776 775 774 773 772 771 769 638 275 228 221 185 184 183 179 176 163 104 82 81 78 77 76 74 70 68 18 14 0 
recording 877 
tolerance 47 
including 802 632 369 33 15 
libraries 275 14 0 
attending 82 
litespeed 904 
companies 859 
scrobbles 637 
keychains 352 
respected 143 
amenities 140 
emergency 734 13 
lafayette 951 876 863 780 779 778 777 776 775 774 773 772 771 769 275 213 185 184 183 179 176 147 82 81 78 77 76 74 70 68 14 0 
economics 796 
schedules 503 
estimated 82 
decisions 797 
political 632 
athletics 888 887 656 655 654 653 652 651 650 621 617 613 608 607 606 605 604 603 602 598 597 595 594 593 592 591 590 589 588 587 586 585 581 580 579 578 577 576 575 574 573 572 571 570 569 568 567 566 565 562 561 560 550 549 548 547 544 543 542 540 539 538 537 536 535 534 530 527 526 525 524 522 521 520 519 518 517 516 515 514 513 512 506 504 498 496 494 493 491 489 488 486 485 483 482 480 478 477 475 474 473 471 470 468 466 465 463 461 460 458 457 454 453 451 450 448 447 445 443 442 439 438 436 435 434 432 430 368 365 364 362 361 360 359 358 357 356 355 354 353 352 351 350 349 347 346 342 341 340 336 335 333 332 331 330 329 328 326 325 324 322 321 319 318 317 316 315 314 313 312 311 310 309 308 307 306 304 303 302 301 300 299 298 297 296 295 294 293 292 291 290 289 288 287 286 285 284 283 282 281 280 279 278 277 275 252 228 219 85 57 21 14 0 
materials 151 
bolstered 613 
elsewhere 26 5 
christina 861 
kiplinger 809 808 
residency 768 
noncredit 228 
elections 171 
strategic 771 153 
committed 143 104 47 
admission 184 77 
essential 163 
awareness 859 
announces 611 610 
downloads 635 
standings 633 625 
unlimited 416 78 
departure 705 
primetime 629 
brightest 9 
locations 623 138 19 8 
listening 637 
ambitious 221 
necessary 184 
oxidative 166 
brookings 797 
centrally 229 
president 967 955 175 159 158 157 156 155 154 10 
estimates 873 
directors 616 
preschool 367 
corporate 200 163 
assessing 797 
potential 47 
immersive 859 
relations 771 
following 528 
worldwide 173 
princeton 871 
providing 646 
executive 799 798 159 158 157 156 155 154 
immersion 859 
component 163 
composite 151 
registrar 768 84 
treatment 623 
inclusion 664 58 17 4 
directory 740 
newspaper 713 
sportbags 302 287 
statement 47 
wonderful 204 
expensive 803 
chemistry 796 795 794 793 792 
travelers 705 
northeast 228 
discovery 861 19 8 
reporting 877 
counselor 863 
resources 634 428 423 189 130 129 26 24 23 5 2 1 
serverlet 904 
restoring 612 
wisconsin 171 
extension 119 117 
portfolio 163 
important 797 719 183 171 76 23 1 
wrestling 587 466 464 463 
promoting 104 
trimester 25 
integrity 158 19 8 
employers 808 
interests 185 
cbssports 888 887 633 625 621 608 597 595 594 593 592 591 590 589 588 587 586 585 581 580 579 578 577 576 575 574 573 572 571 570 569 568 567 566 565 562 561 560 549 548 547 544 543 540 538 536 535 534 530 526 525 524 522 521 520 519 518 516 515 514 513 512 506 504 498 496 494 493 491 489 488 486 485 483 482 480 478 477 475 474 473 471 470 468 466 465 463 461 460 458 457 454 453 451 450 448 447 445 443 442 439 438 436 435 434 432 430 252 219 85 57 
diversity 664 204 106 104 58 26 17 5 4 
volunteer 702 
governors 171 
community 807 806 805 646 47 
promotion 430 
inventors 173 
institute 151 
questions 972 704 
resourses 129 
nutrients 166 
investors 142 
nurturing 204 
solutions 26 5 
prototype 111 
blackboard 23 1 
affordable 638 
accredited 990 
difference 797 26 5 
incredible 624 
deliberate 144 
healthcare 118 
basketball 650 633 625 618 612 602 598 471 469 468 439 437 436 340 339 
efficiency 117 
conference 621 612 
excellence 657 240 
additional 932 875 
aggregates 639 
engagement 26 5 
checkbooks 346 308 293 
commercial 134 
metasearch 643 
facilities 598 595 594 593 592 591 590 589 588 586 582 581 580 
management 807 806 805 773 504 503 220 70 
disclaimer 46 
advantages 927 
adjustable 328 
considered 875 184 81 
measurable 797 
leadership 994 221 
officially 656 655 654 653 652 651 607 606 605 604 603 
vegetables 166 
metacritic 639 
republican 171 
homecoming 944 
mechanisms 164 
experience 528 204 172 163 
lightspeed 904 
guidelines 768 
definition 724 
individual 925 47 
calculator 982 873 
multimedia 549 545 273 
membership 958 
encourages 104 47 
developing 163 111 
assistance 978 227 
disability 165 6 
associates 228 
introduced 797 
department 998 997 
purchasing 656 655 654 653 652 651 607 606 605 604 603 
publishing 807 806 805 
activities 228 20 3 
elementary 990 
metascores 639 
volleyball 494 492 491 
foundation 161 137 136 135 134 
evaluation 638 
qualifying 973 
dimensions 797 
techniques 634 
recognizes 47 
completion 877 
respective 184 
admissions 780 770 228 177 70 68 24 15 2 
comparison 641 
strategies 638 
transferin 866 
patterning 164 
technology 979 855 789 649 632 424 275 236 150 149 148 147 145 144 132 120 70 14 0 
renovating 584 
commitment 240 
maximizing 81 
presenting 204 
intramural 21 
themselves 797 
enrollment 810 809 220 82 
absorption 166 
traditions 579 578 577 576 573 570 567 566 563 562 561 548 22 
washington 851 
television 629 
innovative 163 
government 797 
renovation 584 
innovation 275 221 144 111 19 14 8 0 
courtesies 958 
assessment 785 
customized 341 
sunglasses 355 
employment 420 404 275 228 165 14 6 0 
curriculum 997 
transition 756 
represents 221 
tournament 650 602 598 
properties 134 
investment 797 111 
sweatshirt 337 
regulatory 19 8 
throttling 904 
frequently 972 703 
interviews 165 6 
profoundly 638 
sportsline 633 625 
innovators 149 148 
astronauts 275 14 0 
professors 275 14 0 
throughout 616 179 74 
promotions 501 
sportswear 650 602 598 359 
institutes 937 159 
university 999 998 997 996 995 994 986 985 983 982 981 980 979 978 977 976 975 973 972 967 964 963 962 961 960 958 957 955 951 950 949 947 946 945 944 943 942 941 940 939 938 937 936 934 933 932 931 930 929 928 927 926 925 924 923 922 921 920 919 917 910 909 908 907 902 901 900 898 897 883 882 879 877 876 874 872 871 869 868 864 863 856 850 806 803 801 791 790 789 788 787 786 782 779 778 777 776 775 774 773 772 771 769 766 748 689 688 687 686 685 682 681 679 678 676 674 669 665 656 655 654 653 652 651 650 638 607 606 605 604 603 602 598 582 501 500 499 497 416 405 401 394 382 374 372 369 368 367 366 365 364 362 361 360 359 358 357 356 355 354 353 352 351 350 349 347 346 345 344 343 342 341 340 339 338 337 336 335 334 333 332 331 330 329 328 327 326 325 324 323 322 321 320 319 318 317 316 315 314 313 312 311 310 309 308 307 306 305 304 303 302 301 300 299 298 297 296 295 294 293 292 291 290 289 288 287 286 285 284 283 282 281 280 279 278 277 276 275 273 271 269 264 263 260 254 251 247 241 240 234 231 229 228 222 221 218 205 193 185 184 183 179 176 175 173 172 167 166 164 160 154 152 151 143 132 131 130 128 111 107 105 93 85 82 81 78 77 76 74 70 68 66 60 59 51 48 47 33 31 29 27 25 24 23 22 21 20 19 18 17 16 15 14 13 12 9 8 7 6 5 4 3 2 1 0 
challenging 614 221 
hillenbrand 397 
certificate 701 273 
merchandise 981 369 365 310 294 277 33 
established 628 
achievement 240 
educational 998 810 809 172 
engineering 848 789 772 275 70 14 0 
specialized 756 
biographies 637 
boilermaker 940 656 655 654 653 652 651 615 607 606 605 604 603 213 20 15 3 
independent 727 
affirmative 47 
maintaining 47 
mathematics 792 791 790 789 788 
ambassadors 729 
bilermakers 345 
backgrounds 797 
accessories 358 357 356 355 351 349 347 346 345 311 295 278 
bookmarking 236 
application 716 228 188 183 76 15 
eligibility 744 612 
researchers 151 
epublishing 807 806 805 
experiences 859 
electronics 347 
carotenoids 166 
individuals 797 104 
association 611 610 609 173 
interactive 859 630 
scholarship 81 
discoveries 275 111 14 9 0 
eduniversal 801 
polytechnic 175 172 
development 970 954 228 26 5 
description 768 688 687 686 685 684 681 680 678 676 675 673 664 247 217 175 153 131 130 129 120 109 84 59 58 46 17 10 4 
preparation 638 
distinctive 584 
information 979 929 855 765 699 647 638 633 625 539 529 528 424 379 377 23 1 
proudboiler 429 
departments 58 
agriculture 790 275 70 14 0 
citizenship 200 
corrections 877 
orientation 756 
advertisers 236 
regulations 877 
communities 188 24 2 
permanently 997 967 966 960 954 949 913 912 904 897 893 891 882 879 875 866 858 801 785 782 771 765 759 755 754 753 697 673 672 671 670 668 667 666 664 663 660 646 645 643 632 597 565 564 555 547 543 538 534 533 528 512 510 508 506 496 390 268 267 265 262 251 239 235 224 223 217 215 213 211 209 206 200 197 196 195 193 192 187 181 179 178 171 169 168 163 162 128 127 125 123 122 117 115 113 111 109 104 103 102 101 100 99 90 88 87 84 76 73 70 67 65 63 62 56 55 54 53 51 50 46 45 43 39 38 37 36 35 33 31 28 13 
fellowships 938 
outstanding 240 
partnership 119 117 
recruitment 165 6 
contractors 26 5 
prospective 908 24 2 
environment 859 104 
internships 25 
innovations 9 
rubyonrails 904 
transcripts 84 
prestigious 228 
investments 135 
extensively 179 74 
sweatshirts 338 337 321 306 291 
instruction 997 638 68 
exploratory 185 
institution 797 143 
sensitivity 47 
instructors 638 
alphabetical 68 
opportunity 947 47 
collectibles 360 353 
disabilities 711 
certificates 228 
techrepublic 646 
indianapolis 229 172 
achievements 22 
inflammation 166 
boilermakers 985 984 863 779 778 777 776 775 774 773 772 771 769 668 656 655 654 653 652 651 650 612 607 606 605 604 603 602 598 503 369 368 367 366 365 364 362 361 360 359 358 357 356 355 354 353 352 351 350 349 347 346 345 344 343 342 341 340 339 338 337 336 335 334 333 332 331 330 329 328 327 326 325 324 323 322 321 320 319 318 317 316 315 314 313 312 311 310 309 308 307 306 305 304 303 302 301 300 299 298 297 296 295 294 293 292 291 290 289 288 287 286 285 284 283 282 281 280 279 278 277 275 270 263 262 233 185 184 183 179 176 82 81 78 77 76 74 70 68 33 22 14 0 
departmental 722 
championship 614 
presidential 171 
technologies 904 151 147 143 
conditioning 623 
performances 228 
intellectual 173 
applications 859 
satisfaction 803 
agricultural 772 
merrillville 615 
scholarships 938 875 769 756 228 183 176 81 76 24 2 
cytoskeletal 164 
professional 638 228 
transferring 78 
organization 18 
businessweek 800 799 
midwesterner 171 
supplemental 67 
registration 719 228 
securepurdue 49 
northeastern 228 
consultation 638 
walkthroughs 636 
partnerships 160 159 158 157 156 155 154 153 
requirements 185 184 77 15 
optimization 236 
universities 853 851 850 847 842 841 840 839 838 837 836 835 834 833 832 831 830 829 828 827 826 825 824 823 822 821 820 819 818 817 816 815 814 813 806 805 803 796 795 794 793 792 791 790 789 788 787 638 173 
northwestern 228 
institutions 810 809 797 
purduesports 888 887 618 617 616 615 614 613 612 611 610 609 608 597 595 594 593 592 591 590 589 588 587 586 585 584 581 580 579 578 577 576 575 574 573 572 571 570 569 568 567 566 565 562 561 560 549 548 547 544 543 540 538 536 535 534 530 529 528 526 525 524 522 521 520 519 518 516 515 514 513 512 506 504 498 496 494 493 492 491 489 488 487 486 485 484 483 482 481 480 478 477 476 475 474 473 472 471 470 469 468 466 465 464 463 461 460 459 458 457 456 454 453 452 451 450 449 448 447 446 445 443 442 441 439 438 437 436 435 434 433 432 430 252 219 211 85 57 
accreditation 768 
affordability 221 175 
accessibility 221 
collaboration 104 
effectiveness 786 
undergraduate 780 769 228 176 70 68 19 8 
gubernatorial 171 
consideration 82 
manufacturing 151 119 117 
communication 778 771 
understanding 204 47 
participation 745 
international 869 868 864 810 809 740 727 163 77 
comprehensive 888 887 621 608 597 595 594 593 592 591 590 589 588 587 586 585 581 580 579 578 577 576 575 574 573 572 571 570 569 568 567 566 565 562 561 560 549 548 547 544 543 540 538 536 535 534 530 526 525 524 522 521 520 519 518 516 515 514 513 512 506 504 498 496 494 493 491 489 488 486 485 483 482 480 478 477 475 474 473 471 470 468 466 465 463 461 460 458 457 454 453 451 450 448 447 445 443 442 439 438 436 435 434 432 430 252 219 85 57 
entertainment 632 18 
exceptionally 638 
environmental 977 
morphogenesis 164 
professionals 649 646 555 
organizations 23 1 
intercultural 707 
entrepreneurs 141 
institutional 882 810 785 73 
opportunities 165 163 131 21 6 
classification 768 
groundbreaking 151 
recommendation 81 
discrimination 47 
manifestations 104 
administration 22 
communications 776 617 
sustainability 117 
infrastructure 904 
intercollegiate 611 610 228 
characteristics 797 
commercializing 111 
recommendations 236 
preprofessional 777 
internationally 143 
entrepeneurship 111 
entrepreneurship 111 28 26 7 5 
commercialization 151 150 149 148 146 145 143 132 28 7 
nondiscrimination 47 
